run:
Método : MeuMetodo
Dataset: analcatdata-authorship(70 características)
Solution: [0,1,0,1,0,1,0,1,1,1,1,0,0,0,0,1,0,0,1,1,1,1,1,1,0,0,0,1,1,0,1,0,0,0,0,1,1,0,1,0,0,1,0,1,1,1,0,1,1,0,1,0,1,1,1,1,1,0,1,1,0,0,1,1,0,1,0,0,1,0]
Quality: 0.9928656361474435
Calls: 220
Time: 43307
Método : MeuMetodo
Dataset: anneal(38 características)
Solution: [0,1,1,0,1,0,1,0,1,1,0,1,1,1,0,0,0,0,0,1,0,1,1,0,1,0,1,1,0,0,0,0,0,0,0,0,0,0]
Quality: 0.9844097995545658
Calls: 370
Time: 25414
Método : MeuMetodo
Dataset: arrhythmia(279 características)
Solution: [0,0,1,0,0,0,1,1,1,1,0,0,0,0,1,1,0,0,1,0,1,0,0,0,0,1,0,0,0,1,0,1,0,0,0,1,0,0,0,0,0,0,0,1,0,1,0,0,0,1,1,1,1,0,0,0,0,1,1,0,0,0,0,0,0,0,0,0,0,1,0,0,1,0,0,1,0,0,0,0,0,0,0,0,0,1,1,1,0,1,0,0,1,0,0,0,1,1,0,1,0,0,0,1,1,0,0,1,1,0,1,0,0,0,1,0,1,1,1,1,0,1,0,1,0,0,1,1,0,0,0,1,1,0,0,0,0,0,1,0,0,0,0,0,0,0,0,0,0,0,1,0,0,0,0,0,0,0,0,0,0,0,1,0,0,1,0,0,0,0,1,1,0,1,0,0,0,1,1,1,1,1,0,0,0,0,0,1,1,1,1,0,0,1,0,0,1,0,0,1,0,0,0,0,1,0,0,1,0,0,0,0,1,0,1,1,1,1,1,1,1,1,0,1,0,1,0,0,1,0,1,0,0,0,0,0,0,0,1,0,1,0,0,1,0,1,1,0,1,1,0,1,0,0,0,0,1,0,1,1,1,1,0,0,0,0,0,0,1,0,0,1,1,0,1,0,1,1,0]
Quality: 0.6305309734513275
Calls: 380
Time: 55326
Método : MeuMetodo
Dataset: audiology(69 características)
Solution: [1,1,1,0,0,1,0,1,1,1,0,0,0,1,1,0,0,1,0,0,0,1,0,0,1,0,0,0,1,0,0,0,0,1,0,1,1,1,0,0,0,0,0,0,0,0,0,1,1,0,1,0,1,0,0,0,0,0,1,0,1,0,0,0,1,1,0,0,1]
Quality: 0.7079646017699115
Calls: 330
Time: 5224
Método : MeuMetodo
Dataset: backache(32 características)
Solution: [1,0,0,0,0,0,1,0,0,1,0,1,1,0,0,0,0,0,0,0,1,1,0,1,0,0,0,0,0,1,0,0]
Quality: 0.8888888888888888
Calls: 530
Time: 3543
Método : MeuMetodo
Dataset: cjs(34 características)
Solution: [0,1,0,1,0,0,0,0,0,0,0,0,0,0,0,0,0,0,0,0,0,0,0,0,0,0,1,0,0,1,0,0,0,0]
Quality: 0.9985693848354793
Calls: 450
Time: 649638
Método : MeuMetodo
Dataset: cylinder-bands(39 características)
Solution: [1,0,1,1,1,0,0,1,0,1,1,0,1,1,1,0,0,1,0,1,0,1,1,1,1,0,0,1,1,0,0,1,0,1,1,1,1,1,0]
Quality: 0.737037037037037
Calls: 230
Time: 9898
Método : MeuMetodo
Dataset: dermatology(34 características)
Solution: [0,1,0,0,1,0,0,0,1,0,1,0,1,1,1,1,0,0,0,1,1,1,0,0,0,0,1,1,1,1,0,1,0,0]
Quality: 0.9590163934426229
Calls: 220
Time: 5404
Método : MeuMetodo
Dataset: ionosphere(34 características)
Solution: [1,1,0,0,1,0,0,1,0,1,0,0,0,0,1,1,0,0,0,1,0,1,0,1,0,0,0,0,0,0,1,0,0,0]
Quality: 0.9088319088319088
Calls: 400
Time: 8115
Método : MeuMetodo
Dataset: kr-vs-kp(36 características)
Solution: [0,1,0,1,1,1,0,1,0,1,1,0,0,1,0,0,0,1,1,0,1,1,0,0,0,0,1,0,0,0,0,1,1,0,1,0]
Quality: 0.9486858573216521
Calls: 220
Time: 217439
Método : MeuMetodo
Dataset: lung-cancer(56 características)
Solution: [0,1,1,0,1,1,0,0,0,0,0,0,0,1,0,1,0,0,0,1,0,0,1,0,0,0,1,1,1,0,0,0,0,1,0,1,1,0,1,0,0,0,0,0,0,0,0,0,0,0,0,0,0,0,0,0]
Quality: 0.6875
Calls: 410
Time: 758
Método : MeuMetodo
Dataset: mfeat-factors(216 características)
Solution: [1,0,1,0,0,1,0,1,1,0,1,1,0,1,0,0,1,1,0,1,1,1,1,1,0,1,0,0,1,0,1,0,0,1,0,0,0,0,1,0,0,1,0,1,1,0,0,0,0,0,0,0,1,1,0,1,0,0,0,0,0,1,0,1,0,0,0,1,1,1,1,1,0,0,0,1,1,1,1,1,0,0,0,1,1,0,1,1,0,0,0,0,0,1,0,0,1,0,1,0,1,0,1,0,0,1,0,0,0,1,1,1,0,1,1,1,1,1,0,0,0,0,0,0,1,0,0,0,0,0,1,0,0,0,1,0,0,1,0,1,1,0,1,0,0,0,0,1,1,0,1,1,0,1,0,0,1,1,1,1,0,0,0,0,1,0,1,0,1,1,0,0,1,1,1,1,1,0,0,1,0,0,0,0,0,1,0,0,1,0,0,0,1,0,0,1,0,1,1,1,0,0,0,0,1,1,0,0,1,1,0,1,0,0,1,0]
Quality: 0.968
Calls: 540
Time: 897270
Método : MeuMetodo
Dataset: mfeat-fourier(76 características)
Solution: [1,1,0,1,1,0,0,1,1,1,0,0,1,0,1,1,1,1,1,0,0,1,1,0,1,0,1,0,0,0,1,0,1,0,0,0,1,1,1,1,1,1,0,0,1,0,0,1,1,1,1,1,0,0,0,0,0,0,1,0,0,0,0,1,1,1,0,1,0,1,1,0,1,1,1,1]
Quality: 0.8165
Calls: 230
Time: 227302
Método : MeuMetodo
Dataset: mfeat-karhunen(64 características)
Solution: [1,1,0,1,0,1,1,1,0,1,0,1,0,0,1,1,1,1,1,1,1,0,0,0,1,0,1,1,0,0,1,1,1,0,1,1,0,0,1,0,1,1,0,1,1,0,1,0,0,1,1,0,1,1,1,0,1,1,0,1,1,1,1,1]
Quality: 0.952
Calls: 230
Time: 192411
Método : MeuMetodo
Dataset: mfeat-pixel(240 características)
Solution: [0,1,1,0,0,0,0,0,0,0,1,0,0,0,1,1,0,1,1,1,0,1,1,1,1,1,1,1,1,0,1,1,0,1,1,0,0,1,1,0,0,1,1,0,0,0,0,1,1,1,1,1,1,0,1,1,0,0,0,1,1,1,0,0,0,1,1,0,1,0,0,0,0,1,1,1,1,0,1,1,0,1,0,0,0,1,0,1,0,1,1,1,1,1,1,0,1,1,1,0,1,0,1,1,0,1,0,0,0,1,1,1,0,1,1,0,0,1,0,1,1,1,1,0,1,0,1,1,1,1,1,0,1,0,1,1,0,0,0,0,1,0,1,1,0,1,0,0,1,1,0,1,1,0,0,1,0,0,0,1,0,1,0,1,0,1,0,1,0,0,1,1,0,1,1,1,1,1,1,0,1,1,1,1,1,1,0,0,0,0,0,0,1,1,0,1,1,0,1,0,1,0,1,0,0,0,1,0,0,1,0,0,1,1,1,1,0,1,0,1,0,0,1,0,0,0,1,1,0,1,0,0,1,1,0,0,0,1,0,1]
Quality: 0.9625
Calls: 220
Time: 851126
Método : MeuMetodo
Dataset: mfeat-zernike(47 características)
Solution: [0,1,1,1,1,1,0,0,0,1,1,1,0,1,0,0,1,1,1,1,0,0,1,1,0,0,0,0,0,0,0,1,0,0,0,1,1,0,0,1,1,1,1,0,1,1,0]
Quality: 0.8085
Calls: 220
Time: 132891
Método : MeuMetodo
Dataset: molecular-biology-promoters(58 características)
Solution: [0,0,0,0,0,0,0,0,1,0,1,0,0,0,0,1,1,0,1,0,0,0,0,0,0,1,1,0,1,1,1,0,1,0,1,0,0,1,1,0,1,0,0,0,0,1,0,0,1,0,0,1,0,0,0,0,1,0]
Quality: 0.8584905660377359
Calls: 340
Time: 2348
Método : MeuMetodo
Dataset: optdigits(64 características)
Solution: [1,1,0,0,0,1,1,0,0,1,1,1,1,0,1,0,1,0,0,1,0,1,0,0,0,1,1,0,1,1,1,1,1,0,0,0,1,1,1,0,0,0,1,1,0,0,0,1,1,0,1,0,1,1,1,1,0,0,0,1,0,1,1,1]
Quality: 0.9795373665480427
Calls: 230
Time: 1154417
Método : MeuMetodo
Dataset: sonar(60 características)
Solution: [1,0,0,1,0,0,1,1,0,1,0,0,0,0,0,0,1,0,0,0,0,0,0,0,1,1,1,0,0,1,1,1,0,0,0,0,0,1,0,0,1,1,1,0,1,1,1,1,0,0,0,0,0,0,0,1,1,0,1,0]
Quality: 0.8846153846153846
Calls: 380
Time: 6799
Método : MeuMetodo
Dataset: soybean(35 características)
Solution: [0,1,1,0,1,0,0,0,0,0,0,1,0,1,1,1,1,0,0,0,1,1,0,1,0,0,1,0,0,0,1,0,1,0,1]
Quality: 0.8872620790629575
Calls: 440
Time: 28551
Método : MeuMetodo
Dataset: spambase(57 características)
Solution: [0,1,0,1,0,1,1,1,1,0,0,0,0,0,1,0,0,0,0,0,0,1,1,0,1,1,1,1,0,1,0,0,0,1,0,0,0,1,0,1,0,1,0,1,0,1,1,0,1,1,0,1,0,1,1,0,0]
Quality: 0.9061073679634862
Calls: 220
Time: 628590
Método : MeuMetodo
Dataset: spectrometer(102 características)
Solution: [0,0,0,0,0,0,0,0,0,1,0,0,1,1,1,0,0,0,1,0,0,0,1,0,1,0,0,1,0,1,0,0,1,1,0,0,0,0,0,0,0,0,0,0,0,1,0,0,0,0,1,0,1,1,0,0,0,0,1,0,0,0,0,0,0,0,0,0,0,0,0,0,1,0,0,0,0,1,1,1,1,1,0,0,0,0,1,0,1,1,0,0,0,1,1,0,1,0,0,1,0,1]
Quality: 0.519774011299435
Calls: 240
Time: 12771
Método : MeuMetodo
Dataset: splice(61 características)
Solution: [0,1,0,0,0,1,0,0,0,0,0,0,0,0,0,0,0,1,1,1,0,0,0,0,1,0,1,0,0,1,1,1,1,0,1,1,1,1,0,0,1,0,1,1,0,0,1,1,0,0,0,0,0,1,1,0,0,1,0,0,0]
Quality: 0.803448275862069
Calls: 270
Time: 872702
Método : MeuMetodo
Dataset: sponge(45 características)
Solution: [1,1,0,0,1,1,0,1,1,0,1,0,0,1,0,0,1,0,0,0,0,0,1,0,1,1,1,0,0,1,1,1,1,1,0,0,0,1,0,0,0,0,1,0,0]
Quality: 0.9473684210526315
Calls: 280
Time: 879
Método : MeuMetodo
Dataset: waveform(40 características)
Solution: [1,0,0,1,1,1,1,1,1,1,1,1,0,0,1,1,0,1,0,0,0,1,1,0,0,0,1,0,0,0,1,1,0,1,0,0,0,0,0,1]
Quality: 0.7888
Calls: 480
Time: 1691202
BUILD SUCCESSFUL (total time: 128 minutes 44 seconds)
